[app/ui]
version = 8.0.0
modtime = 1575110273.514718000

[app/launcher]
version = 8.0.0
modtime = 1575110273.516915000
